0 0.907031 0.484375 0.17265625 0.2734375
1 0.654687 0.3796875 0.08203125 0.17890625
1 0.766406 0.66640625 0.1515625 0.26875
1 0.306250 0.37578125 0.06640625 0.12265625
1 0.146875 0.6515625 0.159375 0.221875
1 0.312500 0.73046875 0.13515625 0.27734375
1 0.435937 0.18125 0.0375 0.0875
3 0.334375 0.16171875 0.01875 0.06015625
3 0.605469 0.178125 0.0125 0.07578125
1 0.458594 0.10390625 0.03203125 0.04453125
2 0.410156 0.12421875 0.0265625 0.06328125
0 0.365625 0.10859375 0.040625 0.08828125
2 0.409375 0.059375 0.0265625 0.053125
