1 0.274219 0.8578125 0.16796875 0.265625
1 0.714063 0.32421875 0.07890625 0.15859375
1 0.615625 0.1625 0.0375 0.04453125
1 0.596875 0.11171875 0.03203125 0.03984375
3 0.555469 0.1984375 0.01953125 0.08828125
3 0.591406 0.33828125 0.04296875 0.1328125
3 0.810937 0.52734375 0.0484375 0.15
3 0.417188 0.1734375 0.02734375 0.0703125
3 0.211719 0.2671875 0.028125 0.096875
3 0.655469 0.19375 0.021875 0.07265625
0 0.782031 0.246875 0.0734375 0.21328125
0 1.000000 0.8195081515625 0.11759843750000001 0.6292907609375 0.110196875 0.3704239125 0 0.40188858749999995 0 0.8195081515625
2 0.346094 0.19140625 0.06328125 0.12265625
