0 0.09296875 0.484375 0.17265625 0.2734375
1 0.3453125 0.3796875 0.08203125 0.17890625
1 0.23359375 0.66640625 0.1515625 0.26875
1 0.69375 0.37578125 0.06640625 0.12265625
1 0.853125 0.6515625 0.159375 0.221875
1 0.6875 0.73046875 0.13515625 0.27734375
1 0.5640625 0.18125 0.0375 0.0875
3 0.665625 0.16171875 0.01875 0.06015625
3 0.39453125 0.178125 0.0125 0.07578125
1 0.54140625 0.10390625 0.03203125 0.04453125
2 0.58984375 0.12421875 0.0265625 0.06328125
0 0.634375 0.10859375 0.040625 0.08828125
2 0.590625 0.059375 0.0265625 0.053125
