2 0.69296875 0.1625 0.08203125 0.115625
1 0.21015625 0.5453125 0.1203125 0.24140625
2 0.3109375 0.26953125 0.09375 0.184375
3 0.6984375 0.50390625 0.040625 0.1984375
3 0.66796875 0.25234375 0.0359375 0.09609375
3 0.60859375 0.12890625 0.02890625 0.065625
1 0.56015625 0.03515625 0.04453125 0.03828125
3 0.42578125 0.096875 0.025 0.07578125
0 0.25234375 0.19375 0.06484375 0.17890625
2 0.14765625 0.26484375 0.1234375 0.171875
1 0.11640625 0.41875 0.1359375 0.14609375
1 0.3203125 0.0828125 0.05 0.07421875
