0 0.3484375 0.64296875 0.14375 0.490625
1 0.44296875 0.2734375 0.06953125 0.12890625
0 0.000821875 0.34181793437499997 0.0024671874999999998 0.7923342390625 0.1496703125 0.5348967390625 0.1529609375 0.5320353265625 0.124178125 0.3046331515625 0.032071875 0.287470109375 0.000821875 0.34181793437499997
2 0.178125 0.2765625 0.115625 0.14765625
1 0.1984375 0.38671875 0.09609375 0.11015625
1 0.31796875 0.35859375 0.05859375 0.121875
1 0.36328125 0.20703125 0.05390625 0.0984375
2 0.3546875 0.134375 0.04765625 0.06875
3 0.275 0.32734375 0.02421875 0.096875
0 0.2796875 0.184375 0.06015625 0.134375
3 0.67734375 0.21171875 0.02109375 0.06875
3 0.80078125 0.35703125 0.03203125 0.12421875
1 0.61015625 0.17421875 0.046875 0.07734375
1 0.57734375 0.078125 0.0296875 0.05
3 0.62109375 0.09921875 0.01484375 0.053125
3 0.41171875 0.10078125 0.01015625 0.04140625
3 0.63515625 0.12734375 0.01484375 0.0546875
