0 0.651563 0.64296875 0.14375 0.490625
1 0.557031 0.2734375 0.06953125 0.12890625
0 0.999178 0.34181793437499997 0.0024671874999999998 0.7923342390625 0.1496703125 0.5348967390625 0.1529609375 0.5320353265625 0.124178125 0.3046331515625 0.032071875 0.287470109375 0.000821875 0.34181793437499997
2 0.821875 0.2765625 0.115625 0.14765625
1 0.801562 0.38671875 0.09609375 0.11015625
1 0.682031 0.35859375 0.05859375 0.121875
1 0.636719 0.20703125 0.05390625 0.0984375
2 0.645312 0.134375 0.04765625 0.06875
3 0.725000 0.32734375 0.02421875 0.096875
0 0.720313 0.184375 0.06015625 0.134375
3 0.322656 0.21171875 0.02109375 0.06875
3 0.199219 0.35703125 0.03203125 0.12421875
1 0.389844 0.17421875 0.046875 0.07734375
1 0.422656 0.078125 0.0296875 0.05
3 0.378906 0.09921875 0.01484375 0.053125
3 0.588281 0.10078125 0.01015625 0.04140625
3 0.364844 0.12734375 0.01484375 0.0546875
