1 0.45078125 0.18515625 0.05390625 0.08984375
1 0.30078125 0.44921875 0.12265625 0.2328125
1 0.55 0.45546875 0.07265625 0.17109375
1 0.434375 0.05625 0.02421875 0.05234375
1 0.265625 0.2 0.071875 0.10234375
2 0.1546875 0.1296875 0.05703125 0.10234375
2 0.08359375 0.21171875 0.115625 0.14921875
0 0.51875 0.09453125 0.03984375 0.1
3 0.496875 0.1546875 0.02421875 0.06953125
3 0.56015625 0.25859375 0.03125 0.09296875
3 0.48046875 0.35546875 0.0265625 0.12578125
3 0.4515625 0.48828125 0.0578125 0.16953125
3 0.396875 0.45078125 0.0453125 0.1578125
3 0.32734375 0.76953125 0.06484375 0.2375
