4 0.309375 0.71171875 0.23359375 0.0984375
4 0.334375 0.62265625 0.20078125 0.08203125
4 0.58984375 0.6569444437499999 0.63984375 0.5944444437499999 0.6203125 0.5361111109375 0.46875 0.5986111109375 0.47578125 0.6763888890625 0.49609375 0.6958333328124999 0.58984375 0.6569444437499999
4 0.6296875 0.5138888890625 0.60078125 0.48333333281249996 0.47265625 0.54305555625 0.4890625 0.5916666671875 0.61953125 0.5388888890625 0.6296875 0.5138888890625
4 0.71328125 0.547222221875 0.73515625 0.5236111109375 0.7421875 0.48333333281249996 0.7234375 0.45555555625000005 0.628125 0.5166666671875 0.64609375 0.5930555562500001 0.65546875 0.5888888890625 0.71328125 0.547222221875
4 0.72421875 0.46805555625000006 0.72890625 0.45416666718750004 0.75546875 0.425 0.7390625 0.39444444375 0.6546875 0.44166666718750003 0.65390625 0.49583333281249997 0.678125 0.48333333281249996 0.72421875 0.46805555625000006
4 0.7546875 0.41944444374999995 0.73671875 0.4361111109375 0.7265625 0.4458333328125 0.7390625 0.48472222187499997 0.7546875 0.5041666671875 0.75703125 0.502777778125 0.81875 0.43055555625 0.80390625 0.39305555625 0.78046875 0.39444444375 0.7546875 0.41944444374999995
4 0.8640625 0.415277778125 0.8875 0.38333333281250004 0.88515625 0.36666666718749996 0.8671875 0.3458333328125 0.84296875 0.3361111109375 0.8015625 0.38055555625 0.8140625 0.41805555625 0.82734375 0.43194444374999996 0.8640625 0.415277778125
4 0.9359375 0.35972222187499997 0.946875 0.3291666671875 0.91875 0.3013888890625 0.87109375 0.334722221875 0.89140625 0.38333333281250004 0.90703125 0.38055555625 0.9359375 0.35972222187499997
4 0.28671875 0.3515625 0.109375 0.0890625
4 0.3734375 0.33671875 0.07890625 0.0765625
4 0.4125 0.290625 0.04296875 0.06796875
