4 0.1953125 0.73125 0.20859375 0.1265625
4 0.3296875 0.61953125 0.20546875 0.096875
4 0.4484375 0.6765625 0.18671875 0.146875
4 0.55 0.5453125 0.1375 0.1015625
4 0.48828125 0.45234375 0.146875 0.065625
4 0.27734375 0.4921875 0.10625 0.08203125
4 0.29375 0.33203125 0.08203125 0.05859375
4 0.3765625 0.328125 0.07421875 0.06640625
4 0.41328125 0.2875 0.04375 0.05859375
4 0.65 0.53359375 0.09296875 0.10546875
4 0.77109375 0.4546875 0.090625 0.10703125
4 0.846875 0.3890625 0.0609375 0.06953125
4 0.8765625 0.32265625 0.05 0.06796875
4 0.90625 0.34453125 0.05390625 0.053125
4 0.69921875 0.453125 0.06875 0.0765625
4 0.9359375 0.2796875 0.03671875 0.059375
4 0.525 0.37421875 0.1203125 0.06796875
