4 0.390625 0.29609375 0.08359375 0.06953125
4 0.28671875 0.3484375 0.1125 0.078125
4 0.5203125 0.38828125 0.12265625 0.0875
4 0.3765625 0.6234375 0.19609375 0.071875
4 0.3796875 0.7109375 0.1453125 0.09453125
4 0.175 0.640625 0.17734375 0.11640625
4 0.13984375 0.7234375 0.184375 0.1140625
4 0.5828125 0.609375 0.1609375 0.14140625
4 0.6 0.51875 0.06640625 0.07109375
4 0.7390625 0.48671875 0.08046875 0.12109375
4 0.7734375 0.4 0.05859375 0.071875
4 0.815625 0.41796875 0.08515625 0.09140625
4 0.8828125 0.3703125 0.05546875 0.0765625
