4 0.821875 0.36015625 0.08359375 0.07890625
4 0.621875 0.50078125 0.1328125 0.0765625
4 0.6453125 0.55 0.13984375 0.096875
4 0.49296875 0.6421875 0.1875 0.07890625
4 0.23515625 0.73359375 0.175 0.09453125
4 0.0921875 0.69921875 0.09921875 0.1234375
4 0.2984375 0.340625 0.06953125 0.0625
4 0.3859375 0.34609375 0.07109375 0.05859375
4 0.41640625 0.2890625 0.034375 0.046875
4 0.88203125 0.3625 0.0671875 0.0890625
4 0.9359375 0.3078125 0.0359375 0.08203125
4 0.5296875 0.38046875 0.10546875 0.0859375
