4 0.804688 0.73125 0.20859375 0.1265625
4 0.670312 0.61953125 0.20546875 0.096875
4 0.551562 0.6765625 0.18671875 0.146875
4 0.450000 0.5453125 0.1375 0.1015625
4 0.511719 0.45234375 0.146875 0.065625
4 0.722656 0.4921875 0.10625 0.08203125
4 0.706250 0.33203125 0.08203125 0.05859375
4 0.623437 0.328125 0.07421875 0.06640625
4 0.586719 0.2875 0.04375 0.05859375
4 0.350000 0.53359375 0.09296875 0.10546875
4 0.228906 0.4546875 0.090625 0.10703125
4 0.153125 0.3890625 0.0609375 0.06953125
4 0.123437 0.32265625 0.05 0.06796875
4 0.093750 0.34453125 0.05390625 0.053125
4 0.300781 0.453125 0.06875 0.0765625
4 0.064063 0.2796875 0.03671875 0.059375
4 0.475000 0.37421875 0.1203125 0.06796875
