4 0.609375 0.29609375 0.08359375 0.06953125
4 0.713281 0.3484375 0.1125 0.078125
4 0.479688 0.38828125 0.12265625 0.0875
4 0.623437 0.6234375 0.19609375 0.071875
4 0.620313 0.7109375 0.1453125 0.09453125
4 0.825000 0.640625 0.17734375 0.11640625
4 0.860156 0.7234375 0.184375 0.1140625
4 0.417188 0.609375 0.1609375 0.14140625
4 0.400000 0.51875 0.06640625 0.07109375
4 0.260938 0.48671875 0.08046875 0.12109375
4 0.226562 0.4 0.05859375 0.071875
4 0.184375 0.41796875 0.08515625 0.09140625
4 0.117188 0.3703125 0.05546875 0.0765625
