4 0.600000 0.6671875 0.196875 0.12109375
4 0.817187 0.70625 0.19453125 0.11796875
4 0.715625 0.34921875 0.0921875 0.0984375
4 0.621875 0.32734375 0.05703125 0.065625
4 0.578125 0.2875 0.03359375 0.06640625
4 0.332812 0.46953125 0.10625 0.10859375
4 0.428125 0.578125 0.14921875 0.115625
4 0.214063 0.43984375 0.08671875 0.0984375
4 0.148438 0.38125 0.06484375 0.0875
4 0.082812 0.33203125 0.05859375 0.06953125
4 0.198438 0.36640625 0.059375 0.075
4 0.250781 0.41484375 0.0640625 0.0484375
4 0.136719 0.321875 0.071875 0.046875
