4 0.542188 0.30234375 0.06796875 0.1375
3 0.107812 0.803125 0.065625 0.1359375
4 0.523438 0.2203125 0.04296875 0.10703125
1 0.371875 0.28984375 0.0375 0.07890625
1 0.424219 0.546875 0.0671875 0.171875
1 0.235156 0.51953125 0.06875 0.1609375
1 0.864062 0.784375 0.13671875 0.2140625
4 0.754687 0.9472222218749999 0.4078125 0.9472222218749999 0.409375 0.9388888890624999 0.42890625 0.722222221875 0.41796875 0.6138888890625 0.31484375 0.625 0.2453125 0.9472222218749999
0 0.670312 0.38828125 0.11796875 0.1875
4 0.538281 0.165625 0.0203125 0.040625
