4 0.4 0.6671875 0.196875 0.12109375
4 0.1828125 0.70625 0.19453125 0.11796875
4 0.284375 0.34921875 0.0921875 0.0984375
4 0.378125 0.32734375 0.05703125 0.065625
4 0.421875 0.2875 0.03359375 0.06640625
4 0.6671875 0.46953125 0.10625 0.10859375
4 0.571875 0.578125 0.14921875 0.115625
4 0.7859375 0.43984375 0.08671875 0.0984375
4 0.8515625 0.38125 0.06484375 0.0875
4 0.9171875 0.33203125 0.05859375 0.06953125
4 0.8015625 0.36640625 0.059375 0.075
4 0.74921875 0.41484375 0.0640625 0.0484375
4 0.86328125 0.321875 0.071875 0.046875
