4 0.623437 0.69375 0.196875 0.090625
4 0.843750 0.72578125 0.18125 0.08203125
4 0.750781 0.6359375 0.1875 0.0859375
4 0.443750 0.6140625 0.15546875 0.1
4 0.478906 0.55859375 0.1734375 0.0890625
4 0.308594 0.52265625 0.0984375 0.1015625
4 0.321875 0.453125 0.096875 0.09609375
4 0.222656 0.43203125 0.09375 0.1109375
4 0.187500 0.35078125 0.04765625 0.07109375
4 0.132812 0.375 0.08046875 0.078125
4 0.068750 0.321875 0.0484375 0.075
4 0.625000 0.34296875 0.07109375 0.05546875
4 0.704688 0.340625 0.07890625 0.065625
4 0.593750 0.29453125 0.05 0.053125
4 0.150000 0.2953125 0.06953125 0.059375
4 0.470313 0.38359375 0.09453125 0.06640625
4 0.382812 0.321875 0.07109375 0.053125
